0 0 90 1
30 0 180 1
30 27 270 1
0 27 0 1
0 1 270 2
0 2 270 2
0 3 270 2
0 4 270 2
0 5 270 2
0 6 270 2
0 7 270 2
0 8 270 2
0 9 270 2
0 10 270 2
0 11 270 2
0 12 270 2
0 13 270 2
0 14 270 2
0 15 270 2
0 16 270 2
0 17 270 2
0 18 270 2
0 19 270 2
0 20 270 2
0 21 270 2
0 22 270 2
0 23 270 2
0 24 270 2
0 25 270 2
0 26 270 2
1 0 0 2
2 0 0 2
3 0 0 2
4 0 0 2
5 0 0 2
6 0 0 2
7 0 0 2
8 0 0 2
9 0 0 2
10 0 0 2
11 0 0 2
12 0 0 2
13 0 0 2
14 0 0 2
15 0 0 2
16 0 0 2
17 0 0 2
18 0 0 2
19 0 0 2
20 0 0 2
21 0 0 2
22 0 0 2
23 0 0 2
24 0 0 2
25 0 0 2
26 0 0 2
27 0 0 2
28 0 0 2
29 0 0 2
30 1 90 2
30 2 90 2
30 3 90 2
30 4 90 2
30 5 90 2
30 6 90 2
30 7 90 2
30 8 90 2
30 9 90 2
30 10 90 2
30 11 90 2
30 12 90 2
30 13 90 2
30 14 90 2
30 15 90 2
30 16 90 2
30 17 90 2
30 18 90 2
30 19 90 2
30 20 90 2
30 21 90 2
30 22 90 2
30 23 90 2
30 24 90 2
30 25 90 2
30 26 90 2
1 27 180 2
2 27 180 2
3 27 180 2
4 27 180 2
5 27 180 2
6 27 180 2
7 27 180 2
8 27 180 2
9 27 180 2
10 27 180 2
11 27 180 2
12 27 180 2
13 27 180 2
14 27 180 2
15 27 180 2
16 27 180 2
17 27 180 2
18 27 180 2
19 27 180 2
20 27 180 2
21 27 180 2
22 27 180 2
23 27 180 2
24 27 180 2
25 27 180 2
26 27 180 2
27 27 180 2
28 27 180 2
29 27 180 2
2 2 0 0
3 2 0 0
2 3 0 0
3 3 0 0
2 4 0 0
3 4 0 0
2 2 90 3
4 2 180 3
4 5 270 3
2 5 0 3
2 3 90 6
2 4 90 6
3 2 180 6
4 3 270 6
4 4 270 6
3 5 0 6
2 7 0 0
3 7 0 0
2 8 0 0
3 8 0 0
2 9 0 0
3 9 0 0
2 10 0 0
3 10 0 0
2 7 90 3
4 7 180 3
4 11 270 3
2 11 0 3
2 8 90 6
2 9 90 6
2 10 90 6
3 7 180 6
4 8 270 6
4 9 270 6
4 10 270 6
3 11 0 6
2 16 0 0
3 16 0 0
2 17 0 0
3 17 0 0
2 18 0 0
3 18 0 0
2 19 0 0
3 19 0 0
2 16 90 3
4 16 180 3
4 20 270 3
2 20 0 3
2 17 90 6
2 18 90 6
2 19 90 6
3 16 180 6
4 17 270 6
4 18 270 6
4 19 270 6
3 20 0 6
2 22 0 0
3 22 0 0
2 23 0 0
3 23 0 0
2 24 0 0
3 24 0 0
2 22 90 3
4 22 180 3
4 25 270 3
2 25 0 3
2 23 90 6
2 24 90 6
3 22 180 6
4 23 270 6
4 24 270 6
3 25 0 6
6 2 0 0
6 3 0 0
6 4 0 0
6 2 90 3
7 2 180 3
7 5 270 3
6 5 0 3
6 3 90 6
6 4 90 6
7 3 270 6
7 4 270 6
6 22 0 0
6 23 0 0
6 24 0 0
6 22 90 3
7 22 180 3
7 25 270 3
6 25 0 3
6 23 90 6
6 24 90 6
7 23 270 6
7 24 270 6
15 7 0 0
16 7 0 0
17 7 0 0
18 7 0 0
15 7 90 3
19 7 180 3
19 8 270 3
15 8 0 3
16 7 180 6
17 7 180 6
18 7 180 6
16 8 0 6
17 8 0 6
18 8 0 6
15 19 0 0
16 19 0 0
17 19 0 0
18 19 0 0
15 19 90 3
19 19 180 3
19 20 270 3
15 20 0 3
16 19 180 6
17 19 180 6
18 19 180 6
16 20 0 6
17 20 0 6
18 20 0 6
21 7 0 0
21 8 0 0
21 9 0 0
21 10 0 0
21 7 90 3
22 7 180 3
22 11 270 3
21 11 0 3
21 8 90 6
21 9 90 6
21 10 90 6
22 8 270 6
22 9 270 6
22 10 270 6
21 16 0 0
21 17 0 0
21 18 0 0
21 19 0 0
21 16 90 3
22 16 180 3
22 20 270 3
21 20 0 3
21 17 90 6
21 18 90 6
21 19 90 6
22 17 270 6
22 18 270 6
22 19 270 6
6 7 0 0
7 7 0 0
8 7 0 0
9 7 0 0
10 7 0 0
11 7 0 0
12 7 0 0
6 7 90 3
13 7 180 3
13 8 270 3
6 8 0 3
7 7 180 6
8 7 180 6
9 7 180 6
10 7 180 6
11 7 180 6
12 7 180 6
7 8 0 6
8 8 0 6
9 8 0 6
10 8 0 6
11 8 0 6
12 8 0 6
9 8 0 0
9 9 0 0
9 10 0 0
9 8 90 3
10 8 180 3
10 11 270 3
9 11 0 3
9 9 90 6
9 10 90 6
10 9 270 6
10 10 270 6
9 8 180 3
10 8 90 3
6 10 0 0
6 11 0 0
6 12 0 0
6 13 0 0
6 14 0 0
6 15 0 0
6 16 0 0
6 10 90 3
7 10 180 3
7 17 270 3
6 17 0 3
6 11 90 6
6 12 90 6
6 13 90 6
6 14 90 6
6 15 90 6
6 16 90 6
7 11 270 6
7 12 270 6
7 13 270 6
7 14 270 6
7 15 270 6
7 16 270 6
7 13 0 0
8 13 0 0
9 13 0 0
7 13 90 3
10 13 180 3
10 14 270 3
7 14 0 3
8 13 180 6
9 13 180 6
8 14 0 6
9 14 0 6
7 13 0 3
7 14 90 3
6 19 0 0
7 19 0 0
8 19 0 0
9 19 0 0
10 19 0 0
11 19 0 0
12 19 0 0
6 19 90 3
13 19 180 3
13 20 270 3
6 20 0 3
7 19 180 6
8 19 180 6
9 19 180 6
10 19 180 6
11 19 180 6
12 19 180 6
7 20 0 6
8 20 0 6
9 20 0 6
10 20 0 6
11 20 0 6
12 20 0 6
9 16 0 0
9 17 0 0
9 18 0 0
9 16 90 3
10 16 180 3
10 19 270 3
9 19 0 3
9 17 90 6
9 18 90 6
10 17 270 6
10 18 270 6
9 19 270 3
10 19 0 3
18 10 0 0
18 11 0 0
18 12 0 0
18 13 0 0
18 14 0 0
18 15 0 0
18 16 0 0
18 10 90 3
19 10 180 3
19 17 270 3
18 17 0 3
18 11 90 6
18 12 90 6
18 13 90 6
18 14 90 6
18 15 90 6
18 16 90 6
19 11 270 6
19 12 270 6
19 13 270 6
19 14 270 6
19 15 270 6
19 16 270 6
19 13 0 0
20 13 0 0
21 13 0 0
19 13 90 3
22 13 180 3
22 14 270 3
19 14 0 3
20 13 180 6
21 13 180 6
20 14 0 6
21 14 0 6
19 13 0 3
19 14 90 3
24 10 0 0
24 11 0 0
24 12 0 0
24 13 0 0
24 14 0 0
24 15 0 0
24 16 0 0
24 10 90 3
25 10 180 3
25 17 270 3
24 17 0 3
24 11 90 6
24 12 90 6
24 13 90 6
24 14 90 6
24 15 90 6
24 16 90 6
25 11 270 6
25 12 270 6
25 13 270 6
25 14 270 6
25 15 270 6
25 16 270 6
25 13 0 0
26 13 0 0
27 13 0 0
25 13 90 3
28 13 180 3
28 14 270 3
25 14 0 3
26 13 180 6
27 13 180 6
26 14 0 6
27 14 0 6
25 13 0 3
25 14 90 3
27 2 0 0
27 3 0 0
27 4 0 0
27 5 0 0
27 6 0 0
27 7 0 0
27 8 0 0
27 9 0 0
27 10 0 0
27 2 90 3
28 2 180 3
28 11 270 3
27 11 0 3
27 3 90 6
27 4 90 6
27 5 90 6
27 6 90 6
27 7 90 6
27 8 90 6
27 9 90 6
27 10 90 6
28 3 270 6
28 4 270 6
28 5 270 6
28 6 270 6
28 7 270 6
28 8 270 6
28 9 270 6
28 10 270 6
24 7 0 0
25 7 0 0
26 7 0 0
24 7 90 3
27 7 180 3
27 8 270 3
24 8 0 3
25 7 180 6
26 7 180 6
25 8 0 6
26 8 0 6
27 7 270 3
27 8 180 3
27 16 0 0
27 17 0 0
27 18 0 0
27 19 0 0
27 20 0 0
27 21 0 0
27 22 0 0
27 23 0 0
27 24 0 0
27 16 90 3
28 16 180 3
28 25 270 3
27 25 0 3
27 17 90 6
27 18 90 6
27 19 90 6
27 20 90 6
27 21 90 6
27 22 90 6
27 23 90 6
27 24 90 6
28 17 270 6
28 18 270 6
28 19 270 6
28 20 270 6
28 21 270 6
28 22 270 6
28 23 270 6
28 24 270 6
24 19 0 0
25 19 0 0
26 19 0 0
24 19 90 3
27 19 180 3
27 20 270 3
24 20 0 3
25 19 180 6
26 19 180 6
25 20 0 6
26 20 0 6
27 19 270 3
27 20 180 3
21 2 0 0
21 3 0 0
21 4 0 0
21 2 90 3
22 2 180 3
22 5 270 3
21 5 0 3
21 3 90 6
21 4 90 6
22 3 270 6
22 4 270 6
22 4 0 0
23 4 0 0
24 4 0 0
22 4 90 3
25 4 180 3
25 5 270 3
22 5 0 3
23 4 180 6
24 4 180 6
23 5 0 6
24 5 0 6
22 4 0 3
22 5 0 6
21 22 0 0
21 23 0 0
21 24 0 0
21 22 90 3
22 22 180 3
22 25 270 3
21 25 0 3
21 23 90 6
21 24 90 6
22 23 270 6
22 24 270 6
22 22 0 0
23 22 0 0
24 22 0 0
22 22 90 3
25 22 180 3
25 23 270 3
22 23 0 3
23 22 180 6
24 22 180 6
23 23 0 6
24 23 0 6
22 22 0 6
22 23 90 3
24 25 0 0
24 26 0 0
24 25 90 3
25 25 180 3
25 27 270 3
24 27 0 3
24 26 90 6
25 26 270 6
24 27 270 5
25 27 0 4
24 0 90 3
25 0 180 3
25 2 270 3
24 2 0 3
24 1 90 6
25 1 270 6
24 0 180 4
25 0 90 5
0 13 90 3
4 13 180 3
4 14 270 3
0 14 0 3
1 13 180 6
2 13 180 6
3 13 180 6
1 14 0 6
2 14 0 6
3 14 0 6
0 13 0 5
0 14 90 4
9 0 0 0
10 0 0 0
11 0 0 0
12 0 0 0
9 1 0 0
10 1 0 0
11 1 0 0
12 1 0 0
9 2 0 0
10 2 0 0
11 2 0 0
12 2 0 0
9 3 0 0
10 3 0 0
11 3 0 0
12 3 0 0
9 4 0 0
10 4 0 0
11 4 0 0
12 4 0 0
9 0 180 1
13 0 270 2
13 5 270 3
9 5 0 3
9 1 90 2
9 2 90 2
9 3 90 2
9 4 90 2
10 0 180 0
11 0 180 0
12 0 180 0
13 1 270 2
13 2 270 2
13 3 270 2
13 4 270 2
10 5 0 2
11 5 0 2
12 5 0 2
15 0 0 0
16 0 0 0
17 0 0 0
18 0 0 0
15 1 0 0
16 1 0 0
17 1 0 0
18 1 0 0
15 2 0 0
16 2 0 0
17 2 0 0
18 2 0 0
15 3 0 0
16 3 0 0
17 3 0 0
18 3 0 0
15 4 0 0
16 4 0 0
17 4 0 0
18 4 0 0
15 0 90 2
19 0 90 1
19 5 270 3
15 5 0 3
15 1 90 2
15 2 90 2
15 3 90 2
15 4 90 2
16 0 180 0
17 0 180 0
18 0 180 0
19 1 270 2
19 2 270 2
19 3 270 2
19 4 270 2
16 5 0 2
17 5 0 2
18 5 0 2
9 22 0 0
10 22 0 0
11 22 0 0
12 22 0 0
9 23 0 0
10 23 0 0
11 23 0 0
12 23 0 0
9 24 0 0
10 24 0 0
11 24 0 0
12 24 0 0
9 25 0 0
10 25 0 0
11 25 0 0
12 25 0 0
9 26 0 0
10 26 0 0
11 26 0 0
12 26 0 0
9 22 90 3
13 22 180 3
13 27 270 2
9 27 270 1
9 23 90 2
9 24 90 2
9 25 90 2
9 26 90 2
10 22 180 2
11 22 180 2
12 22 180 2
13 23 270 2
13 24 270 2
13 25 270 2
13 26 270 2
10 27 0 0
11 27 0 0
12 27 0 0
15 22 0 0
16 22 0 0
17 22 0 0
18 22 0 0
15 23 0 0
16 23 0 0
17 23 0 0
18 23 0 0
15 24 0 0
16 24 0 0
17 24 0 0
18 24 0 0
15 25 0 0
16 25 0 0
17 25 0 0
18 25 0 0
15 26 0 0
16 26 0 0
17 26 0 0
18 26 0 0
15 22 90 3
19 22 180 3
19 27 0 1
15 27 90 2
15 23 90 2
15 24 90 2
15 25 90 2
15 26 90 2
16 22 180 2
17 22 180 2
18 22 180 2
19 23 270 2
19 24 270 2
19 25 270 2
19 26 270 2
16 27 0 0
17 27 0 0
18 27 0 0
12 10 0 0
13 10 0 0
14 10 0 0
15 10 0 0
12 11 0 0
13 11 0 0
14 11 0 0
15 11 0 0
12 12 0 0
13 12 0 0
14 12 0 0
15 12 0 0
12 13 0 0
13 13 0 0
14 13 0 0
15 13 0 0
12 14 0 0
13 14 0 0
14 14 0 0
15 14 0 0
12 15 0 0
13 15 0 0
14 15 0 0
15 15 0 0
12 16 0 0
13 16 0 0
14 16 0 0
15 16 0 0
12 10 90 7
16 10 180 7
16 17 270 7
12 17 0 7
12 11 90 2
12 12 90 2
12 13 90 2
12 14 90 2
12 15 90 2
12 16 90 2
13 10 180 2
14 10 180 2
15 10 180 2
16 11 270 2
16 12 270 2
16 13 270 2
16 14 270 2
16 15 270 2
16 16 270 2
13 17 0 2
14 17 0 2
15 17 0 2
14 0 0 0
14 27 0 0
