10 6 0 0
11 6 0 0
12 6 0 0
13 6 0 0
14 6 0 0
15 6 0 0
16 6 0 0
17 6 0 0
18 6 0 0
19 6 0 0
10 7 0 0
11 7 0 0
12 7 0 0
13 7 0 0
14 7 0 0
15 7 0 0
16 7 0 0
17 7 0 0
18 7 0 0
19 7 0 0
10 8 0 0
11 8 0 0
12 8 0 0
13 8 0 0
14 8 0 0
15 8 0 0
16 8 0 0
17 8 0 0
18 8 0 0
19 8 0 0
10 9 0 0
11 9 0 0
12 9 0 0
13 9 0 0
14 9 0 0
15 9 0 0
16 9 0 0
17 9 0 0
18 9 0 0
19 9 0 0
10 10 0 0
11 10 0 0
12 10 0 0
13 10 0 0
14 10 0 0
15 10 0 0
16 10 0 0
17 10 0 0
18 10 0 0
19 10 0 0
10 11 0 0
11 11 0 0
12 11 0 0
13 11 0 0
14 11 0 0
15 11 0 0
16 11 0 0
17 11 0 0
18 11 0 0
19 11 0 0
10 12 0 0
11 12 0 0
12 12 0 0
13 12 0 0
14 12 0 0
15 12 0 0
16 12 0 0
17 12 0 0
18 12 0 0
19 12 0 0
10 13 0 0
11 13 0 0
12 13 0 0
13 13 0 0
14 13 0 0
15 13 0 0
16 13 0 0
17 13 0 0
18 13 0 0
19 13 0 0
10 14 0 0
11 14 0 0
12 14 0 0
13 14 0 0
14 14 0 0
15 14 0 0
16 14 0 0
17 14 0 0
18 14 0 0
19 14 0 0
10 15 0 0
11 15 0 0
12 15 0 0
13 15 0 0
14 15 0 0
15 15 0 0
16 15 0 0
17 15 0 0
18 15 0 0
19 15 0 0
10 16 0 0
11 16 0 0
12 16 0 0
13 16 0 0
14 16 0 0
15 16 0 0
16 16 0 0
17 16 0 0
18 16 0 0
19 16 0 0
10 17 0 0
11 17 0 0
12 17 0 0
13 17 0 0
14 17 0 0
15 17 0 0
16 17 0 0
17 17 0 0
18 17 0 0
19 17 0 0
10 18 0 0
11 18 0 0
12 18 0 0
13 18 0 0
14 18 0 0
15 18 0 0
16 18 0 0
17 18 0 0
18 18 0 0
19 18 0 0
10 19 0 0
11 19 0 0
12 19 0 0
13 19 0 0
14 19 0 0
15 19 0 0
16 19 0 0
17 19 0 0
18 19 0 0
19 19 0 0
10 20 0 0
11 20 0 0
12 20 0 0
13 20 0 0
14 20 0 0
15 20 0 0
16 20 0 0
17 20 0 0
18 20 0 0
19 20 0 0
10 6 90 7
20 6 180 7
20 21 270 7
10 21 0 7
10 7 90 2
10 8 90 2
10 9 90 2
10 10 90 2
10 11 90 2
10 12 90 2
10 13 90 2
10 14 90 2
10 15 90 2
10 16 90 2
10 17 90 2
10 18 90 2
10 19 90 2
10 20 90 2
11 6 180 2
12 6 180 2
13 6 180 2
14 6 180 2
15 6 180 2
16 6 180 2
17 6 180 2
18 6 180 2
19 6 180 2
20 7 270 2
20 8 270 2
20 9 270 2
20 10 270 2
20 11 270 2
20 12 270 2
20 13 270 2
20 14 270 2
20 15 270 2
20 16 270 2
20 17 270 2
20 18 270 2
20 19 270 2
20 20 270 2
11 21 0 2
12 21 0 2
13 21 0 2
14 21 0 2
15 21 0 2
16 21 0 2
17 21 0 2
18 21 0 2
19 21 0 2
